0 9 0 0 33 0 8 0 11 0 13 0 14 0 48 0 20 0 24 0 0
1 9 2 0 36 0 37 0 40 0 13 0 16 0 17 0 18 0 28 0 0
2 10 0 0 3 0 36 0 8 0 43 0 44 0 15 0 48 0 21 0 27 0 0
3 1 42 0 0
4 9 0 0 1 0 8 0 9 0 44 0 13 0 24 0 28 0 30 0 0
5 2 0 0 25 0 0
6 8 1 0 34 0 5 0 44 0 12 0 45 0 48 0 23 0 0
7 8 35 0 37 0 39 0 8 0 9 0 13 0 45 0 31 0 0
8 3 42 0 18 0 29 0 0
9 12 35 0 4 0 37 0 41 0 11 0 44 0 45 0 18 0 20 0 36 0 26 0 27 0 0
10 6 3 0 6 0 41 0 10 0 12 0 44 0 0
11 3 10 0 5 0 31 0 0
12 4 8 0 49 0 37 0 29 0 0
13 12 0 0 33 0 34 0 4 0 38 0 1 0 8 0 11 0 49 0 22 0 27 0 28 0 0
14 13 48 0 2 0 37 0 6 0 42 0 34 0 14 0 16 0 49 0 18 0 26 0 28 0 29 0 0
15 7 36 0 11 0 16 0 20 0 22 0 26 0 28 0 0
16 3 22 0 14 0 7 0 0
17 2 42 0 2 0 0
18 1 26 0 0
19 1 3 0 0
20 2 34 0 14 0 0
21 5 26 0 43 0 28 0 45 0 22 0 0
22 5 33 0 10 0 43 0 5 0 31 0 0
23 2 40 0 22 0 0
24 6 45 0 14 0 47 0 19 0 22 0 25 0 0
25 5 40 0 48 0 25 0 37 0 15 0 0
26 6 32 0 37 0 7 0 9 0 46 0 27 0 0
27 9 33 0 35 0 36 0 10 0 46 0 3 0 20 0 24 0 28 0 0
28 1 29 0 0
29 4 19 0 41 0 3 0 27 0 0
30 2 1 0 30 0 0
31 10 32 0 36 0 9 0 42 0 15 0 16 0 21 0 26 0 27 0 10 0 0
32 13 35 0 4 0 6 0 39 0 40 0 10 0 13 0 17 0 21 0 23 0 36 0 42 0 30 0 0
33 1 39 0 0
34 5 40 0 35 0 47 0 37 0 15 0 0
35 4 16 0 26 0 30 0 23 0 0
36 12 0 0 5 0 39 0 10 0 7 0 13 0 17 0 18 0 20 0 21 0 22 0 25 0 0
37 2 20 0 39 0 0
38 6 0 0 37 0 41 0 43 0 17 0 21 0 0
39 6 32 0 38 0 17 0 13 0 49 0 27 0 0
40 12 34 0 36 0 41 0 42 0 47 0 18 0 19 0 21 0 24 0 26 0 27 0 31 0 0
41 13 0 0 2 0 4 0 37 0 6 0 42 0 45 0 48 0 49 0 20 0 22 0 25 0 29 0 0
42 11 0 0 1 0 3 0 5 0 6 0 7 0 8 0 41 0 11 0 14 0 31 0 0
43 4 6 0 5 0 14 0 31 0 0
44 11 0 0 2 0 3 0 42 0 11 0 45 0 48 0 35 0 23 0 26 0 29 0 0
45 9 34 0 7 0 42 0 43 0 46 0 49 0 22 0 24 0 27 0 0
46 7 37 0 38 0 39 0 44 0 14 0 17 0 31 0 0
47 5 48 0 24 0 34 0 26 0 40 0 0
48 2 43 0 15 0 0
49 13 0 0 32 0 43 0 7 0 40 0 11 0 13 0 17 0 20 0 8 0 27 0 30 0 31 0 0
